verb,response,requestIndex,clusters,precision
GET,200.0,9.0,2,0.8809523809523809
GET,200.0,9.0,2,0.8809523809523809
GET,200.0,5.0,2,0.8809523809523809
GET,200.0,42.0,0,0.8809523809523809
GET,200.0,18.0,4,0.8809523809523809
GET,200.0,27.0,4,0.8809523809523809
GET,200.0,34.0,4,0.8809523809523809
GET,200.0,47.0,0,0.8809523809523809
GET,200.0,13.0,2,0.8809523809523809
GET,200.0,55.0,0,0.8809523809523809
GET,200.0,24.0,4,0.8809523809523809
GET,200.0,43.0,0,0.8809523809523809
GET,200.0,57.0,0,0.8809523809523809
GET,200.0,26.0,4,0.8809523809523809
GET,200.0,19.0,4,0.8809523809523809
GET,200.0,54.0,0,0.8809523809523809
GET,200.0,46.0,0,0.8809523809523809
GET,200.0,28.0,4,0.8809523809523809
GET,200.0,51.0,0,0.8809523809523809
GET,200.0,38.0,0,0.8809523809523809
GET,200.0,35.0,4,0.8809523809523809
GET,200.0,36.0,0,0.8809523809523809
GET,200.0,21.0,4,0.8809523809523809
GET,200.0,4.0,2,0.8809523809523809
GET,200.0,4.0,2,0.8809523809523809
GET,200.0,50.0,0,0.8809523809523809
GET,200.0,2.0,2,0.8809523809523809
GET,200.0,11.0,2,0.8809523809523809
GET,200.0,2.0,2,0.8809523809523809
GET,200.0,16.0,4,0.8809523809523809
GET,200.0,20.0,4,0.8809523809523809
GET,200.0,0.0,2,0.8809523809523809
GET,200.0,39.0,0,0.8809523809523809
GET,200.0,1.0,2,0.8809523809523809
GET,200.0,3.0,2,0.8809523809523809
GET,200.0,0.0,2,0.8809523809523809
GET,200.0,53.0,0,0.8809523809523809
GET,200.0,8.0,2,0.8809523809523809
GET,200.0,15.0,4,0.8809523809523809
GET,200.0,11.0,2,0.8809523809523809
GET,200.0,29.0,4,0.8809523809523809
GET,200.0,22.0,4,0.8809523809523809
GET,200.0,2.0,2,0.8809523809523809
GET,200.0,23.0,4,0.8809523809523809
GET,404.0,25.0,1,0.8809523809523809
GET,200.0,52.0,0,0.8809523809523809
GET,200.0,17.0,4,0.8809523809523809
GET,200.0,30.0,4,0.8809523809523809
GET,200.0,8.0,2,0.8809523809523809
GET,200.0,32.0,4,0.8809523809523809
GET,200.0,56.0,0,0.8809523809523809
GET,200.0,0.0,2,0.8809523809523809
GET,200.0,3.0,2,0.8809523809523809
GET,200.0,1.0,2,0.8809523809523809
GET,200.0,6.0,2,0.8809523809523809
GET,200.0,4.0,2,0.8809523809523809
GET,200.0,14.0,2,0.8809523809523809
GET,200.0,2.0,2,0.8809523809523809
GET,200.0,7.0,2,0.8809523809523809
GET,200.0,7.0,2,0.8809523809523809
GET,200.0,45.0,0,0.8809523809523809
GET,200.0,12.0,2,0.8809523809523809
GET,200.0,10.0,2,0.8809523809523809
GET,200.0,0.0,2,0.8809523809523809
GET,200.0,1.0,2,0.8809523809523809
GET,200.0,3.0,2,0.8809523809523809
GET,200.0,6.0,2,0.8809523809523809
GET,304.0,49.0,3,0.8809523809523809
GET,200.0,12.0,2,0.8809523809523809
GET,200.0,44.0,0,0.8809523809523809
GET,200.0,5.0,2,0.8809523809523809
GET,200.0,48.0,0,0.8809523809523809
GET,200.0,40.0,0,0.8809523809523809
GET,200.0,37.0,0,0.8809523809523809
GET,200.0,41.0,0,0.8809523809523809
GET,200.0,33.0,4,0.8809523809523809
GET,200.0,31.0,4,0.8809523809523809
GET,200.0,10.0,2,0.8809523809523809
GET,200.0,0.0,2,0.8809523809523809
GET,200.0,1.0,2,0.8809523809523809
